2012-01-29;1;17;26;32;40;45;42
2012-01-22;6;12;13;19;25;43;39
2012-01-15;11;12;16;32;33;38;22
2012-01-08;1;6;8;13;17;21;35
2012-01-01;14;15;21;34;40;44;13
2011-12-25;3;8;16;24;40;42;12
2011-12-18;7;21;26;27;36;45;34
2011-12-11;4;7;14;18;20;41;16
2011-12-04;3;18;19;27;37;38;5
2011-11-27;8;9;16;20;21;43;2
2011-11-20;17;18;29;32;34;35;9
2011-11-13;8;9;16;40;42;43;13
2011-11-06;1;6;8;14;20;36;17
2011-10-30;9;15;22;40;43;45;16
2011-10-23;9;13;19;29;32;33;7
2011-10-16;3;4;13;22;27;36;12
2011-10-09;6;11;19;22;30;37;33
2011-10-02;20;22;31;34;36;44;43
2011-09-25;1;7;9;19;34;39;13
2011-09-18;7;13;18;19;31;37;44
2011-09-11;7;21;29;38;41;42;28
2011-09-04;1;11;15;23;35;45;29
2011-08-28;4;8;17;34;35;45;44
2011-08-21;12;16;20;25;30;40;22
2011-08-14;1;7;20;21;34;41;40
2011-08-07;9;12;14;17;34;42;28
2011-07-31;3;8;19;23;32;41;14
2011-07-24;15;16;17;27;29;33;2
2011-07-17;15;16;22;24;33;36;7
2011-07-10;12;22;24;36;37;44;33
2011-07-03;5;9;10;17;25;38;3
2011-06-26;6;7;13;15;24;33;20
2011-06-19;8;19;23;25;37;44;6
2011-06-12;18;20;24;28;29;44;17
2011-06-05;7;12;16;42;44;45;40
2011-05-29;10;13;23;24;39;43;14
2011-05-22;19;24;29;32;33;35;44
2011-05-15;4;26;28;30;31;33;21
2011-05-08;3;4;8;16;21;44;29
2011-05-01;3;17;22;33;37;38;19
2011-04-24;1;2;7;16;21;26;12
2011-04-17;3;4;14;22;33;45;5
2011-04-10;13;22;25;27;38;44;23
2011-04-03;10;18;25;29;31;40;39
2011-03-27;11;18;19;23;43;45;10
2011-03-20;18;19;27;33;37;43;29
2011-03-13;4;7;26;27;34;35;15
2011-03-06;4;6;13;17;30;36;22
2011-02-27;6;7;9;26;27;43;22
2011-02-20;5;7;26;39;41;42;34
2011-02-13;3;11;20;25;28;37;7
2011-02-06;2;7;9;14;34;43;13
2011-01-30;6;16;20;27;31;32;44
2011-01-23;3;5;11;13;34;42;18
2011-01-16;3;4;10;27;40;45;24
2011-01-09;13;19;21;29;35;41;22
2011-01-02;12;13;14;22;26;45;40
2010-12-26;2;13;29;38;41;44;18
2010-12-19;1;8;11;13;19;25;9
2010-12-12;6;19;29;34;40;45;5
2010-12-05;5;7;34;35;36;45;29
2010-11-28;2;3;4;25;30;40;32
2010-11-21;9;15;17;20;29;30;33
2010-11-14;8;10;21;35;39;42;25
2010-11-07;3;13;17;37;38;39;29
2010-10-31;8;10;13;15;22;37;1
2010-10-24;1;4;12;25;29;43;40
2010-10-17;4;16;23;26;28;39;1
2010-10-10;5;18;26;32;41;44;17
2010-10-03;1;17;36;38;41;43;7
2010-09-26;3;14;19;23;31;40;39
2010-09-19;3;4;13;18;30;43;34
2010-09-12;10;21;25;28;39;41;18
2010-09-05;8;13;16;23;35;45;5
2010-08-29;7;10;13;22;40;45;24
2010-08-22;5;21;24;33;34;44;45
2010-08-15;3;13;24;35;41;45;36
2010-08-08;5;9;11;24;25;29;17
2010-08-01;2;22;24;29;37;39;34
2010-07-25;1;17;21;30;32;35;11
2010-07-18;17;25;27;34;42;45;28
2010-07-11;6;8;21;23;34;45;25
2010-07-04;2;10;18;21;44;45;23
2010-06-27;15;18;19;31;33;37;27
2010-06-20;1;11;30;32;36;38;37
2010-06-13;18;24;26;33;36;38;41
2010-06-06;2;6;19;20;30;33;42
2010-05-30;15;20;29;32;38;41;36
2010-05-23;11;14;28;29;31;38;26
2010-05-16;20;22;30;31;39;45;4
2010-05-09;5;6;15;16;20;39;14
2010-05-02;2;15;16;22;39;40;18
2010-04-25;15;17;24;29;35;37;16
2010-04-18;16;18;32;38;39;44;34
2010-04-11;8;12;20;28;42;43;17
2010-04-04;1;5;12;14;27;33;22
2010-03-28;7;17;20;26;39;44;32
2010-03-21;10;16;21;39;40;43;13
2010-03-14;3;5;20;22;30;41;26
2010-03-07;16;28;31;33;34;35;27
2010-02-28;6;8;12;32;36;42;4
2010-02-21;15;16;26;27;38;42;28
2010-02-14;8;9;11;15;22;41;13
2010-02-07;15;22;25;36;42;45;43
2010-01-31;1;11;13;18;44;45;27
2010-01-24;3;5;26;33;37;44;14
2010-01-17;1;14;23;24;25;33;44
2010-01-10;5;17;21;23;30;43;40
2010-01-03;4;11;14;20;27;44;30
2009-12-27;3;5;12;32;39;42;17
2009-12-20;6;19;22;24;37;41;33
2009-12-13;3;4;28;30;31;34;6
2009-12-06;8;9;18;27;32;36;1
2009-11-29;2;6;17;20;40;41;7
2009-11-22;7;13;15;16;18;34;17
2009-11-15;2;10;40;41;42;45;20
2009-11-08;2;5;6;10;12;24;27
2009-11-01;9;18;28;30;38;43;42
2009-10-25;3;4;10;24;33;35;6
2009-10-18;10;14;26;37;40;43;9
2009-10-11;9;19;26;32;39;44;14
2009-10-04;2;13;15;18;24;43;9
2009-09-27;6;12;19;27;30;40;39
2009-09-20;1;7;15;18;24;31;4
2009-09-13;9;26;33;34;39;42;40
2009-09-06;3;13;15;27;29;33;20
2009-08-30;6;17;19;25;38;42;29
2009-08-23;16;17;29;35;38;45;4
2009-08-16;6;8;9;16;27;40;37
2009-08-09;4;12;27;33;34;45;23
2009-08-02;2;12;19;34;35;40;18
2009-07-26;4;17;23;25;37;43;42
2009-07-19;1;19;28;31;32;41;42
2009-07-12;5;9;24;29;30;37;4
2009-07-05;7;19;28;30;32;41;14
2009-06-28;1;5;21;35;36;41;15
2009-06-21;12;14;21;22;29;45;19
2009-06-14;2;4;17;19;23;33;5
2009-06-07;5;17;26;32;38;44;27
2009-05-31;7;19;20;25;35;41;42
2009-05-24;5;7;15;19;33;43;30
2009-05-17;1;4;14;20;23;27;17
2009-05-10;2;12;23;27;37;42;5
2009-05-03;6;8;16;22;28;42;2
2009-04-26;1;15;19;24;27;33;36
2009-04-19;3;5;33;37;38;40;15
2009-04-12;3;4;17;18;28;40;13
2009-04-05;1;6;26;31;33;34;35
2009-03-29;7;10;14;15;24;37;23
2009-03-22;16;20;29;40;41;42;1
2009-03-15;6;8;15;25;32;40;35
2009-03-08;9;14;18;20;23;24;6
2009-03-01;8;26;31;34;42;45;17
2009-02-22;1;9;15;16;17;22;44
2009-02-15;2;5;15;26;35;44;32
2009-02-08;2;4;12;18;24;25;28
2009-02-01;1;7;18;24;41;44;2
2009-01-25;2;4;13;24;25;31;28
2009-01-18;1;9;18;23;37;45;17
2009-01-11;2;13;19;21;26;28;33
2009-01-04;7;10;16;29;36;44;14
2008-12-28;3;7;11;19;35;38;30
2008-12-21;1;2;7;10;20;42;39
2008-12-14;2;10;21;30;32;33;20
2008-12-07;7;12;21;42;43;44;27
2008-11-30;1;2;9;21;33;36;28
2008-11-23;9;17;24;29;31;41;42
2008-11-16;14;21;23;32;37;39;26
2008-11-09;11;17;22;25;28;31;36
2008-11-02;7;13;19;20;33;44;14
2008-10-26;2;19;31;32;42;44;43
2008-10-19;6;13;15;34;41;42;40
2008-10-12;5;9;20;22;37;44;18
2008-10-05;4;8;25;33;35;42;17
2008-09-28;11;12;15;30;34;45;19
2008-09-21;15;20;23;25;43;44;37
2008-09-14;7;8;21;26;42;44;38
2008-09-07;1;13;20;21;38;41;32
2008-08-31;1;4;9;10;19;42;3
2008-08-24;5;12;24;30;39;45;13
2008-08-17;17;32;35;37;41;44;25
2008-08-10;4;15;28;31;32;37;43
2008-08-03;20;25;27;36;43;44;31
2008-07-27;5;18;28;31;38;43;25
2008-07-20;1;16;24;38;41;44;8
2008-07-13;9;10;23;25;29;43;33
2008-07-06;12;17;33;38;44;45;26
2008-06-29;6;21;23;35;37;39;30
2008-06-22;3;13;14;18;27;40;4
2008-06-15;4;25;27;31;36;44;6
2008-06-08;8;16;18;27;40;42;31
2008-06-01;2;11;19;31;37;39;13
2008-05-25;6;10;12;13;32;42;25
2008-05-18;17;19;34;37;40;43;30
2008-05-11;8;13;17;18;28;42;37
2008-05-04;6;7;21;27;29;42;9
2008-04-27;3;6;12;22;30;41;37
2008-04-20;2;16;21;24;34;42;33
2008-04-13;7;9;15;21;40;42;38
2008-04-06;12;17;22;26;30;39;11
2008-03-30;4;11;13;15;31;39;22
2008-03-23;3;16;18;29;36;40;35
2008-03-16;16;23;25;27;37;43;31
2008-03-10;7;9;10;26;31;34;16
2008-03-02;5;8;9;18;26;35;7
2008-02-24;11;26;30;34;40;44;38
2008-02-17;1;15;22;23;32;34;24
2008-02-10;3;8;23;27;34;40;42
2008-02-03;2;3;18;32;35;43;19
2008-01-27;1;3;5;32;34;38;2
2008-01-20;5;14;16;17;34;40;4
2008-01-13;5;13;20;29;35;38;41
2008-01-06;1;4;5;13;18;41;2
2007-12-30;4;17;22;24;33;35;1
2007-12-23;7;18;28;29;34;36;41
2007-12-16;10;14;15;17;18;35;26
2007-12-09;16;19;25;28;34;45;15
2007-12-02;9;11;16;27;33;39;42
2007-11-25;1;12;23;27;31;44;40
2007-11-18;11;17;24;34;40;45;7
2007-11-11;17;28;31;35;37;39;23
2007-11-04;9;13;14;20;39;41;22
2007-10-28;4;6;10;30;39;41;31
2007-10-21;7;8;26;27;32;44;21
2007-10-14;11;14;29;33;37;39;22
2007-10-07;2;9;19;23;27;34;15
2007-09-30;3;15;18;34;36;40;11
2007-09-23;20;23;24;27;30;44;38
2007-09-16;3;6;8;26;28;42;25
2007-09-09;6;8;9;12;20;45;22
2007-09-02;14;27;28;31;42;44;33
2007-08-26;1;20;25;27;29;37;16
2007-08-19;7;14;20;21;29;44;19
2007-08-12;2;6;24;28;31;38;41
2007-08-05;1;10;12;17;19;20;25
2007-07-29;4;9;13;24;38;43;18
2007-07-22;5;6;20;24;33;38;4
2007-07-15;6;21;27;34;38;43;25
2007-07-08;6;27;31;32;40;43;37
2007-07-01;3;6;14;23;33;42;26
2007-06-24;10;15;17;20;29;37;39
2007-06-17;2;19;21;22;23;26;16
2007-06-10;7;12;16;18;20;28;3
2007-06-03;5;16;21;23;30;39;37
2007-05-27;3;22;24;31;40;42;14
2007-05-20;8;12;16;20;21;35;6
2007-05-13;12;21;25;29;38;41;32
2007-05-06;5;8;12;26;30;32;40
2007-04-29;18;19;20;22;24;27;32
2007-04-22;8;16;23;32;41;42;27
2007-04-15;23;30;35;36;39;43;15
2007-04-07;13;23;29;31;35;38;27
2007-04-01;4;12;22;30;36;41;42
2007-03-25;9;12;25;26;35;41;40
2007-03-18;3;5;12;25;34;41;20
2007-03-11;6;9;10;16;31;38;29
2007-03-04;10;13;27;31;34;38;30
2007-02-25;19;20;27;33;34;37;25
2007-02-18;7;12;20;21;32;39;16
2007-02-11;2;3;4;11;18;45;30
2007-02-04;7;9;12;16;31;43;30
2007-01-28;9;18;25;33;36;41;45
2007-01-21;3;9;12;15;31;39;14
2007-01-14;1;12;15;23;37;40;19
2007-01-07;3;12;19;24;31;39;32
2006-12-31;3;17;19;23;31;34;6
2006-12-24;1;5;21;33;42;45;7
2006-12-17;4;8;21;22;23;45;34
2006-12-10;7;20;23;26;29;41;28
2006-12-03;2;11;14;17;39;40;29
2006-11-26;20;21;24;30;40;42;45
2006-11-19;12;16;23;31;43;45;36
2006-11-12;3;31;33;34;37;45;43
2006-11-05;2;5;6;35;39;44;17
2006-10-29;2;11;19;34;42;44;40
2006-10-22;4;5;10;18;25;32;42
2006-10-15;1;2;12;16;32;40;11
2006-10-08;1;15;16;19;40;43;12
2006-10-01;8;29;32;36;41;42;12
2006-09-24;11;26;30;35;39;42;41
2006-09-17;4;13;22;34;36;40;23
2006-09-10;2;5;14;27;30;34;41
2006-09-03;7;17;19;23;36;43;15
2006-08-27;1;3;29;30;34;42;21
2006-08-20;26;31;33;34;38;44;45
2006-08-13;1;8;22;28;29;43;14
2006-08-06;2;6;8;18;34;43;44
2006-07-30;6;9;16;29;34;43;38
2006-07-23;14;17;25;26;39;45;34
2006-07-16;6;9;13;30;32;33;23
2006-07-09;5;17;20;25;39;45;35
2006-07-02;2;5;12;14;33;45;35
2006-06-25;9;21;28;36;37;43;18
2006-06-18;3;7;9;11;42;44;39
2006-06-11;6;9;16;23;31;45;24
2006-06-04;9;21;22;34;35;41;33
2006-05-28;3;22;31;34;35;37;7
2006-05-21;2;7;17;33;35;37;10
2006-05-14;12;17;30;32;35;45;3
2006-05-07;6;8;12;14;19;21;38
2006-04-30;3;18;22;33;39;42;32
2006-04-23;6;17;24;29;32;37;11
2006-04-16;6;7;9;11;20;30;34
2006-04-09;3;13;15;21;41;43;23
2006-04-02;4;16;26;28;32;39;24
2006-03-26;2;3;17;32;35;40;33
2006-03-19;1;11;12;14;18;44;2
2006-03-12;1;17;21;25;40;42;2
2006-03-05;5;13;20;25;34;40;43
2006-02-26;5;11;31;37;38;40;2
2006-02-19;7;11;24;28;33;40;16
2006-02-12;10;16;25;32;37;42;15
2006-02-05;2;6;7;28;29;40;43
2006-01-29;4;18;21;37;41;42;8
2006-01-22;13;14;22;24;28;41;26
2006-01-15;17;18;19;23;27;39;33
2006-01-08;8;19;30;31;42;45;26
2006-01-01;5;7;16;24;37;38;42
2005-12-25;2;12;21;22;36;42;44
2005-12-18;5;7;13;24;30;35;21
2005-12-11;4;23;27;29;38;44;42
2005-12-04;2;10;19;26;29;30;21
2005-11-27;2;6;15;28;38;41;33
2005-11-20;2;9;18;30;36;40;12
2005-11-13;9;24;25;28;35;44;32
2005-11-06;4;7;16;17;30;41;32
2005-10-30;1;5;7;27;29;30;19
2005-10-23;14;30;32;36;38;45;16
2005-10-16;6;9;10;24;35;40;38
2005-10-09;15;24;27;34;37;41;23
2005-10-02;7;11;14;26;29;37;35
2005-09-25;7;36;37;40;41;43;30
2005-09-18;23;24;25;27;40;45;18
2005-09-11;4;11;14;17;23;41;44
2005-09-04;5;11;25;28;44;45;15
2005-08-28;19;20;27;28;31;32;4
2005-08-21;1;18;22;34;43;45;16
2005-08-14;9;13;17;26;35;39;5
2005-08-07;4;17;20;29;33;43;7
2005-07-31;3;9;13;27;29;37;28
2005-07-24;4;23;30;31;34;40;45
2005-07-17;9;13;20;27;31;38;36
2005-07-10;3;6;12;34;35;38;1
2005-07-03;2;3;9;17;39;43;33
2005-06-26;8;23;26;33;39;45;16
2005-06-19;2;7;15;38;39;43;25
2005-06-12;7;14;18;20;38;43;31
2005-06-05;5;10;22;27;32;33;17
2005-05-29;7;22;24;28;34;35;30
2005-05-22;4;6;27;32;35;37;44
2005-05-15;4;6;13;18;25;42;14
2005-05-08;6;12;15;31;33;40;41
2005-05-01;12;23;24;37;38;42;44
2005-04-24;17;28;29;39;41;44;33
2005-04-17;4;13;17;20;33;37;5
2005-04-10;11;16;17;26;27;43;24
2005-04-03;1;12;24;35;38;44;7
2005-03-27;1;8;13;22;28;44;23
2005-03-20;1;18;23;29;39;41;40
2005-03-13;5;12;28;37;39;43;34
2005-03-06;11;16;21;28;33;42;19
2005-02-27;19;26;33;38;39;40;37
2005-02-20;2;6;25;29;35;41;40
2005-02-13;18;21;24;26;38;41;3
2005-02-06;6;8;18;20;24;36;40
2005-01-30;3;5;7;10;19;21;27
2005-01-23;2;17;21;22;25;36;40
2005-01-16;1;12;21;24;43;44;22
2005-01-09;4;20;22;25;30;32;27
2005-01-02;1;10;22;29;31;43;19
2004-01-04;4;12;30;34;37;45;35
2004-01-11;6;8;23;32;34;37;7
2004-01-18;3;11;14;15;26;36;42
2004-01-25;2;5;18;33;36;40;26
2004-02-01;5;8;20;23;29;42;35
2004-02-08;4;11;35;36;39;40;19
2004-02-15;11;19;21;27;33;45;29
2004-02-22;29;31;34;36;42;43;18
2004-02-29;2;3;12;29;40;41;25
2004-03-07;3;12;18;33;37;40;8
2004-03-13;4;17;18;34;38;42;14
2004-03-21;10;15;19;25;29;37;5
2004-03-28;3;18;22;30;42;43;31
2004-04-04;7;20;27;30;40;42;1
2004-04-11;1;5;16;35;42;45;8
2004-04-18;3;6;14;18;22;42;17
2004-04-25;6;12;16;26;34;43;40
2004-05-02;9;13;23;29;31;42;37
2004-05-09;12;14;25;27;29;43;35
2004-05-16;13;16;21;27;33;44;30
2004-05-23;1;5;25;26;27;42;4
2004-05-30;1;9;17;20;24;26;16
2004-06-06;3;8;17;20;26;29;32
2004-06-13;10;15;16;17;19;35;40
2004-06-20;1;15;28;33;37;38;31
2004-06-27;22;24;26;29;33;38;28
2004-07-04;11;16;21;35;36;37;4
2004-07-11;3;10;28;36;37;38;25
2004-07-18;9;13;14;17;36;37;34
2004-07-25;2;8;18;22;26;28;3
2004-08-01;16;19;26;30;35;39;13
2004-08-08;7;9;20;29;34;44;23
2004-08-15;16;26;28;32;33;43;13
2004-08-22;13;14;23;27;37;44;19
2004-08-29;13;20;30;31;38;41;15
2004-09-05;3;21;23;30;41;43;40
2004-09-12;5;10;11;25;30;34;6
2004-09-19;2;11;30;35;41;45;10
2004-09-26;13;21;23;26;34;37;41
2004-10-03;1;7;11;31;34;41;22
2004-10-10;4;9;13;25;26;30;38
2004-10-17;6;23;26;27;36;39;45
2004-10-24;3;4;8;22;31;39;25
2004-10-31;3;25;30;33;38;39;35
2004-11-07;10;11;20;22;25;30;42
2004-11-14;16;25;28;30;32;41;23
2004-11-21;2;8;10;13;20;33;28
2004-11-28;2;19;32;35;44;45;25
2004-12-05;1;2;5;7;9;27;28
2004-12-12;1;3;8;16;32;35;17
2004-12-19;3;4;19;21;32;42;17
2004-12-26;2;20;24;35;38;44;19
2003-12-28;3;15;23;24;29;42;12
2003-12-21;2;22;26;27;38;45;20
2003-12-14;1;3;4;21;29;37;28
2003-12-07;2;4;10;20;26;33;11
2003-11-30;8;12;21;32;33;42;10
2003-11-23;4;6;8;19;21;42;1
2003-11-16;14;25;28;39;41;45;38
2003-11-09;7;8;16;18;42;44;10
2003-11-02;4;6;17;23;25;31;3
2003-10-26;2;21;29;31;35;38;9
2003-10-19;7;8;10;13;16;25;41
2003-10-12;8;27;28;30;37;43;36
2003-10-05;2;10;19;27;36;45;24
2003-09-28;6;18;35;38;40;43;1
2003-09-21;2;10;11;13;19;25;32
2003-09-14;4;10;21;32;33;44;34
2003-09-07;9;10;17;23;32;43;34
2003-08-31;9;15;18;28;29;44;30
2003-08-24;8;9;15;25;36;40;11
2003-08-17;5;22;31;33;43;45;35
2003-08-10;12;30;32;38;43;44;20
2003-08-03;3;9;11;27;39;40;30
2003-07-27;4;9;11;16;31;38;19
2003-07-20;1;9;18;23;39;41;20
2003-07-13;3;14;15;16;26;45;6
2003-07-06;3;11;12;15;33;44;8
2003-06-29;9;10;16;25;31;40;34
2003-06-22;1;3;5;6;35;38;19
2003-06-15;2;8;10;18;22;30;21
2003-06-08;7;10;20;32;36;38;28
2003-06-01;2;6;23;24;25;32;34
2003-05-25;4;5;11;12;26;40;23
2003-05-18;6;12;16;30;31;36;4
2003-05-11;3;5;13;24;35;44;8
2003-05-04;7;21;22;23;34;36;13
2003-04-27;3;12;26;34;39;45;2
2003-04-20;13;15;25;40;42;45;12
2003-04-13;1;7;26;38;41;45;31
2003-04-06;5;12;16;31;33;37;11
2003-03-30;6;15;22;32;44;45;10
2003-03-23;4;13;24;29;44;45;21
2003-03-16;1;23;26;27;32;34;20
2003-03-09;2;23;29;40;41;44;43
2003-03-02;7;11;14;17;18;40;3
2003-02-23;3;9;10;39;41;45;29
2003-02-16;8;17;22;29;32;40;15
2003-02-09;2;8;10;11;26;43;12
2003-02-02;6;12;16;34;39;45;25
2003-01-26;9;10;31;38;39;41;32
2003-01-19;6;8;23;32;33;39;3
2003-01-12;5;14;19;28;34;45;8
2003-01-05;12;26;29;31;43;44;27
2002-12-29;8;14;24;28;37;43;17
2002-12-22;3;5;8;30;37;41;33
2002-12-15;7;22;23;26;43;45;10
2002-12-08;5;19;20;28;30;31;9
2002-12-01;9;14;15;33;34;41;36
2002-11-24;7;10;11;19;20;32;4
2002-11-17;9;29;33;39;40;44;8
2002-11-10;7;8;19;29;35;38;15
2002-11-03;7;9;20;26;34;41;32
2002-10-27;1;19;23;35;38;44;39
2002-10-20;3;4;6;10;19;34;38
2002-10-13;3;13;19;22;33;40;18
2002-10-06;1;10;11;23;32;37;29
2002-09-29;6;7;24;28;37;40;32
2002-09-22;11;12;19;21;40;43;27
2002-09-15;11;17;33;37;40;41;1
2002-09-08;3;4;31;33;34;39;19
2002-09-01;3;5;13;22;35;44;27
2002-08-25;2;7;15;17;37;44;6
2002-08-18;4;6;11;21;27;38;3
2002-08-11;8;16;18;25;29;42;5
2002-08-04;20;21;22;31;37;39;33
2002-07-28;4;8;16;35;38;41;31
2002-07-21;1;4;7;12;18;23;33
2002-07-14;13;15;17;20;31;35;23
2002-07-07;17;21;22;30;39;45;34
2002-06-30;16;25;34;35;38;41;40
2002-06-23;15;18;23;30;34;38;28
2002-06-16;3;10;23;30;43;44;32
2002-06-09;4;7;10;13;35;44;3
2002-06-02;3;4;13;29;42;44;7
2002-05-26;1;8;12;27;28;33;39
2002-05-19;4;5;13;14;25;27;8
2002-05-12;7;12;16;36;39;44;37
2002-05-05;2;5;14;17;43;45;7
2002-04-28;1;18;39;40;42;45;3
2002-04-21;10;11;16;20;24;32;17
2002-04-14;4;11;15;31;35;37;30
2002-04-07;6;9;15;18;23;32;7
2002-03-31;6;10;11;15;22;37;5
2002-03-24;15;19;30;34;37;45;18
2002-03-17;5;9;10;17;26;27;43
2002-03-10;16;22;24;30;35;41;44
2002-03-03;3;11;20;24;26;38;14
2002-02-24;2;22;23;30;31;32;8
2002-02-17;19;22;37;39;41;45;30
2002-02-10;2;3;6;9;19;29;41
2002-02-03;6;7;16;23;39;42;11
2002-01-27;4;8;22;28;29;30;44
2002-01-20;2;10;11;36;42;43;40
2002-01-13;1;3;7;10;33;37;38
2002-01-06;1;22;31;32;36;38;27
2001-12-30;6;18;23;30;36;45;11
2001-12-23;3;12;24;31;35;41;16
2001-12-16;4;20;22;31;43;44;41
2001-12-09;5;6;21;25;31;35;34
2001-12-02;3;22;26;27;29;41;19
2001-11-25;3;20;24;25;26;34;14
2001-11-18;2;12;17;22;25;30;24
2001-11-11;13;19;25;29;33;34;17
2001-11-04;3;4;23;25;38;40;34
2001-10-28;1;11;21;37;41;45;30
2001-10-21;17;18;19;20;24;35;31
2001-10-14;9;13;16;26;33;45;22
2001-10-07;14;22;31;35;36;41;39
2001-09-30;3;8;14;27;34;42;45
2001-09-23;9;11;12;18;23;40;31
2001-09-16;7;12;14;37;41;43;18
2001-09-09;2;16;18;30;35;41;38
2001-09-02;2;3;11;23;33;44;10
2001-08-26;3;6;11;16;33;40;24
2001-08-19;14;22;25;27;36;44;9
2001-08-12;5;8;18;25;35;43;37
2001-08-05;7;9;14;23;24;45;31
2001-07-29;5;7;20;26;28;33;22
2001-07-22;15;18;20;21;36;40;35
2001-07-15;3;11;13;16;30;42;4
2001-07-08;5;8;9;26;34;37;3
2001-07-01;6;7;20;24;25;38;1
2001-06-24;1;6;12;13;14;44;9
2001-06-17;10;12;13;14;23;38;21
2001-06-10;10;11;14;23;30;40;28
2001-06-03;1;8;26;31;38;39;11
2001-05-27;4;5;28;30;33;34;45
2001-05-20;2;15;18;19;25;41;44
2001-05-13;8;10;12;14;23;25;9
2001-05-06;15;19;21;35;38;40;22
2001-04-29;11;27;35;37;41;44;25
2001-04-22;2;12;15;25;33;41;16
2001-04-15;8;15;16;19;25;26;18
2001-04-08;5;11;13;22;26;28;32
2001-04-01;13;20;29;39;35;36;45
2001-03-25;2;3;4;9;18;21;30
2001-03-18;4;12;16;18;36;38;14
2001-03-11;2;3;26;27;31;37;45
2001-03-04;1;10;11;17;37;45;4
2001-02-25;2;5;16;31;39;41;4
2001-02-18;3;6;11;25;28;29;31
2001-02-11;8;9;12;17;42;43;4
2001-02-04;5;11;17;20;33;40;6
2001-01-28;11;17;21;29;33;41;20
2001-01-21;13;16;30;31;36;44;1
2001-01-14;9;11;17;29;30;31;21
2001-01-07;8;10;20;33;36;38;3
2000-12-31;1;6;13;30;39;45;21
2000-12-24;3;15;27;39;42;44;12
2000-12-17;18;19;28;30;33;39;22
2000-12-10;1;4;5;15;42;43;18
2000-12-03;4;7;16;18;24;45;30
2000-11-26;13;21;34;40;42;45;44
2000-11-19;1;3;20;32;39;43;42
2000-11-12;5;6;33;37;40;43;24
2000-11-05;8;10;11;17;35;43;44
2000-10-29;3;15;19;37;41;42;35
2000-10-22;9;11;13;24;30;35;7
2000-10-15;2;7;8;22;23;25;39
2000-10-08;1;17;28;35;36;43;22
2000-10-01;3;24;29;31;34;35;41
2000-09-24;6;13;14;17;43;45;20
2000-09-17;15;33;34;40;43;44;27
2000-09-10;6;12;13;14;27;34;23
2000-09-03;1;2;6;8;29;34;38
2000-08-27;5;8;10;11;26;39;43
2000-08-20;14;18;19;25;32;36;10
2000-08-13;3;16;22;31;39;43;24
2000-08-06;4;6;20;25;33;38;22
2000-07-30;8;15;29;32;38;44;34
2000-07-23;15;17;29;34;35;41;25
2000-07-16;1;2;9;21;28;37;22
2000-07-09;12;14;18;19;25;31;11
2000-07-02;15;16;25;33;39;43;28
2000-06-25;4;13;25;31;36;37;2
2000-06-18;8;12;19;28;30;45;25
2000-06-11;1;6;18;33;37;38;34
2000-06-04;15;23;27;29;31;34;13
2000-05-28;15;22;23;27;31;39;35
2000-05-21;11;14;29;31;33;43;45
2000-05-14;5;10;20;22;27;42;28
2000-05-07;3;20;26;28;31;32;15
2000-04-30;8;9;13;38;42;43;16
2000-04-23;8;10;11;15;22;44;4
2000-04-16;1;6;16;26;39;43;22
2000-04-09;5;23;35;38;44;45;39
2000-04-02;1;5;13;21;30;34;23
2000-03-26;27;30;34;40;42;45;4
2000-03-19;6;8;9;27;33;39;36
2000-03-12;5;16;17;21;35;41;15
2000-03-05;8;14;17;25;26;31;40
2000-02-27;2;4;27;28;39;45;20
2000-02-20;8;9;15;23;29;30;28
2000-02-13;13;15;16;17;32;39;35
2000-02-06;5;15;28;30;34;42;1
2000-01-30;2;16;22;26;31;43;24
2000-01-23;3;16;20;30;31;36;10
2000-01-16;7;29;30;35;42;44;6
2000-01-09;15;21;30;32;35;36;26
2000-01-02;16;17;27;37;41;42;36
1999-12-26;7;9;15;18;31;36;1
1999-12-19;3;12;31;33;36;41;17
1999-12-12;8;12;19;29;38;44;26
1999-12-05;10;11;25;26;34;42;20
1999-11-28;4;12;16;25;27;40;15
1999-11-21;8;10;16;22;33;45;3
1999-11-14;11;13;19;40;43;45;21
1999-11-07;11;17;24;30;32;45;7
1999-10-31;1;2;16;22;32;43;18
1999-10-24;11;14;25;26;29;42;28
1999-10-17;6;17;28;29;36;45;21
1999-10-10;3;24;31;36;37;40;7
1999-10-03;1;11;20;21;25;26;10
1999-09-26;6;9;16;21;22;30;18
1999-09-19;2;9;10;15;33;34;14
1999-09-12;2;20;22;25;41;44;29
1999-09-05;1;13;15;27;31;37;33
1999-08-29;1;3;6;7;28;40;38
1999-08-22;12;13;18;28;34;45;25
1999-08-15;13;27;32;34;36;43;29
1999-08-08;4;15;16;20;27;35;31
1999-08-01;4;11;16;38;39;40;9
1999-07-25;7;10;11;13;16;38;29
1999-07-18;14;18;19;21;22;24;36
1999-07-11;4;6;9;18;40;42;35
1999-07-04;7;11;26;37;41;44;19
1999-06-27;18;20;23;29;31;44;6
1999-06-20;9;17;23;29;35;39;28
1999-06-13;10;16;21;28;31;38;22
1999-06-06;1;3;13;15;26;44;29
1999-05-30;1;9;10;17;31;40;18
1999-05-23;21;23;26;28;30;33;42
1999-05-16;6;13;18;24;35;45;25
1999-05-09;2;5;17;33;35;39;10
1999-05-02;8;16;26;34;41;44;22
1999-04-25;16;26;27;35;37;41;17
1999-04-18;7;10;12;26;32;36;14
1999-04-11;14;17;25;29;35;39;24
1999-04-04;3;13;16;23;30;36;28
1999-03-28;4;5;11;17;20;28;18
1999-03-21;7;8;16;21;33;35;22
1999-03-14;3;6;32;36;40;45;14
1999-03-07;2;12;16;30;35;39;28
1999-02-28;2;19;33;36;37;45;32
1999-02-21;2;5;7;19;41;42;28
1999-02-14;6;11;24;27;37;45;4
1999-02-07;3;15;17;19;28;38;26
1999-01-31;1;2;20;23;24;39;4
1999-01-24;12;16;25;28;40;44;30
1999-01-17;6;13;31;38;39;41;27
1999-01-10;2;5;9;10;23;27;33
1999-01-03;4;5;9;14;21;24;45
1998-12-27;1;13;15;16;23;24;38
1998-12-20;2;10;21;25;26;34;28
1998-12-13;2;8;9;26;29;34;14
1998-12-06;13;14;29;31;34;36;27
1998-11-29;10;12;23;29;42;43;2
1998-11-22;1;6;7;9;26;45;42
1998-11-15;9;10;21;29;34;41;17
1998-11-08;1;4;15;28;33;40;27
1998-11-01;2;4;6;24;30;43;42
1998-10-25;4;5;6;12;17;18;25
1998-10-18;3;10;15;19;26;35;8
1998-10-11;12;16;27;40;44;45;17
1998-10-04;5;6;8;16;18;21;28
1998-09-27;3;23;28;32;38;45;36
1998-09-20;4;5;8;29;34;39;11
1998-09-13;17;21;22;31;34;35;13
1998-09-06;7;8;18;30;31;40;38
1998-08-30;7;18;20;23;36;45;19
1998-08-23;4;5;13;19;26;35;17
1998-08-16;9;11;14;15;34;42;10
1998-08-09;12;31;32;33;36;44;15
1998-08-02;6;12;16;29;31;33;13
1998-07-26;5;9;28;35;36;37;17
1998-07-19;11;21;26;29;40;45;3
1998-07-12;1;7;11;15;32;43;23
1998-07-05;4;7;10;30;32;44;31
1998-06-28;4;10;12;30;32;35;5
1998-06-21;6;8;18;34;36;38;7
1998-06-14;10;17;29;36;41;42;35
1998-06-07;5;10;18;24;37;44;40
1998-05-31;9;12;26;29;31;35;22
1998-05-24;2;5;7;29;33;36;15
1998-05-17;15;16;20;31;41;44;40
1998-05-10;3;10;15;17;31;45;25
1998-05-03;1;4;5;17;27;37;20
1998-04-26;14;20;31;36;39;42;22
1998-04-19;1;3;10;12;21;38;20
1998-04-12;2;3;5;14;22;30;8
1998-04-05;4;17;23;31;33;45;24
1998-03-29;4;5;10;23;26;45;20
1998-03-22;2;5;6;14;22;39;33
1998-03-15;5;19;20;22;29;44;37
1998-03-08;6;13;17;22;32;45;33
1998-03-01;13;14;22;35;41;43;2
1998-02-22;5;15;27;35;38;41;36
1998-02-15;2;14;16;19;25;43;44
1998-02-08;6;8;10;28;34;35;43
1998-02-01;4;8;9;17;29;45;30
1998-01-25;2;21;28;30;31;35;33
1998-01-18;22;28;29;30;32;37;15
1998-01-11;5;6;23;35;40;43;2
1998-01-04;7;9;15;17;30;36;11
1997-12-28;1;9;16;20;25;40;12
1997-12-21;7;8;24;38;40;42;2
1997-12-14;9;12;20;22;34;40;3
1997-12-07;2;6;7;22;30;37;16
1997-11-30;5;17;20;21;27;43;2
1997-11-23;7;8;11;25;37;38;19
1997-11-16;1;2;11;25;27;29;17
1997-11-09;3;5;14;33;35;37;38
1997-11-02;4;5;7;13;26;28;15
1997-10-26;3;19;27;41;44;45;18
1997-10-19;2;12;19;24;31;43;21
1997-10-12;3;9;22;37;40;42;30
1997-10-05;7;12;20;27;28;31;8
1997-09-28;2;10;14;27;28;37;42
1997-09-21;7;9;21;30;38;39;13
1997-09-14;7;9;15;16;22;43;32
1997-09-07;10;15;17;25;26;38;34
1997-08-31;4;14;27;32;34;45;28
1997-08-24;11;21;24;26;31;43;33
1997-08-17;1;16;23;32;33;36;26
1997-08-10;4;6;20;21;23;38;18
1997-08-03;1;20;30;31;33;43;22
1997-07-27;6;12;15;28;38;42;21
1997-07-20;3;10;12;17;19;42;31
1997-07-13;8;19;32;34;40;44;2
1997-07-06;6;7;16;19;37;39;3
1997-06-29;2;6;11;21;29;45;12
1997-06-22;5;17;34;39;40;43;28
1997-06-15;8;20;26;33;36;42;6
1997-06-08;14;26;31;32;35;38;43
1997-06-01;5;7;8;27;32;36;29
1997-05-25;4;8;12;22;29;32;7
1997-05-18;1;5;19;28;29;37;38
1997-05-11;1;15;18;21;29;40;36
1997-05-04;1;8;22;25;35;42;29
1997-04-27;2;4;6;11;24;35;20
1997-04-20;1;5;13;35;38;39;34
1997-04-13;6;13;15;18;26;44;2
1997-04-06;4;5;11;17;28;36;22
1997-03-30;11;13;21;25;26;29;28
1997-03-23;5;11;16;27;41;42;37
1997-03-16;7;15;19;22;27;39;30
1997-03-09;8;12;16;22;29;35;40
1997-03-02;2;8;27;31;37;44;14
1997-02-23;5;7;9;22;24;42;31
1997-02-16;3;12;31;39;42;45;26
1997-02-09;8;12;23;31;37;38;34
1997-02-02;11;12;24;34;40;43;44
1997-01-26;5;10;13;29;35;39;34
1997-01-19;2;9;35;37;40;45;8
1997-01-12;1;2;5;13;36;39;41
1997-01-05;1;6;29;32;36;44;21
1996-12-29;1;12;25;26;29;44;13
1996-12-22;19;25;27;29;36;43;23
1996-12-15;16;18;32;33;36;40;28
1996-12-08;3;15;20;25;29;38;40
1996-12-01;5;11;24;25;32;45;36
1996-11-24;5;15;31;37;40;44;19
1996-11-17;5;13;21;29;38;39;25
1996-11-10;7;18;23;32;36;44;15
1996-11-03;5;11;15;18;22;33;6
1996-10-27;7;21;28;29;32;37;10
1996-10-20;9;17;20;31;41;44;27
1996-10-13;1;2;21;26;29;37;12
1996-10-06;9;24;25;31;32;40;27
1996-09-29;3;17;23;36;44;45;43
1996-09-22;5;12;22;28;29;35;8
1996-09-15;11;23;35;37;41;45;27
1996-09-08;7;8;18;25;28;31;11
1996-09-01;13;18;25;29;36;42;4
1996-08-25;3;6;17;20;25;32;24
1996-08-18;5;14;25;31;37;42;1
1996-08-11;6;7;14;15;22;35;3
1996-08-04;5;6;7;8;15;18;42
1996-07-28;9;12;13;31;36;43;28
1996-07-21;1;10;12;14;26;31;33
1996-07-14;3;11;14;28;30;36;37
1996-07-07;1;4;8;17;24;35;31
1996-06-30;5;9;15;23;30;37;12
1996-06-23;1;2;4;12;13;20;18
1996-06-16;4;10;11;20;23;25;33
1996-06-09;10;14;36;40;43;45;28
1996-06-02;1;12;17;21;32;37;29
1996-05-26;3;7;17;19;41;42;22
1996-05-19;9;17;20;25;34;42;21
1996-05-12;6;13;14;20;31;34;22
1996-05-05;1;14;18;20;22;39;31
1996-04-28;1;4;15;28;41;44;5
1996-04-21;13;23;27;34;43;44;33
1996-04-14;15;18;29;31;32;45;42
1996-04-07;6;7;8;16;34;38;2
1996-03-31;10;20;23;32;33;34;6
1996-03-24;1;7;12;22;35;36;17
1996-03-17;2;8;11;16;17;22;26
1996-03-10;2;10;12;31;33;36;38
1996-03-03;2;7;15;34;42;44;24
1996-02-25;1;2;15;32;34;45;10
1996-02-18;3;7;18;22;28;41;38
1996-02-11;4;11;15;28;29;38;45
1996-02-04;2;22;29;35;42;43;8
1996-01-28;4;15;17;31;37;42;20
1996-01-21;5;12;27;38;39;44;40
1996-01-14;1;17;18;21;27;28;44
1996-01-07;2;7;14;20;32;45;4
1995-12-31;3;12;18;39;42;45;9
1995-12-24;2;10;14;17;32;43;23
1995-12-17;5;11;13;18;28;44;1
1995-12-10;5;10;15;21;25;40;9
1995-12-03;2;6;22;35;44;45;8
1995-11-26;1;7;21;27;36;37;16
1995-11-19;6;8;15;18;40;43;37
1995-11-12;2;19;33;38;40;45;44
1995-11-05;26;27;33;34;36;41;18
1995-10-29;3;6;21;25;37;40;10
1995-10-22;22;24;35;37;39;41;14
1995-10-15;9;16;18;29;31;39;4
1995-10-08;12;14;23;38;43;44;19
1995-10-01;1;8;10;12;29;45;21
1995-09-24;3;14;19;26;32;33;45
1995-09-17;21;23;26;30;42;45;16
1995-09-10;6;9;30;35;39;45;28
1995-09-03;5;6;7;9;24;40;35
1995-08-27;7;10;18;26;33;41;24
1995-08-20;12;13;21;28;35;45;8
1995-08-13;10;19;20;28;42;43;45
1995-08-06;3;7;18;19;30;37;33
1995-07-30;2;6;7;22;29;45;43
1995-07-23;5;20;24;26;32;39;27
1995-07-16;8;10;19;31;33;42;35
1995-07-09;12;22;26;35;36;37;32
1995-07-02;6;13;14;20;21;45;5
1995-06-25;6;8;18;27;32;44;31
1995-06-18;4;6;14;25;29;45;41
1995-06-11;1;4;6;11;36;38;25
1995-06-04;11;16;19;37;38;44;24
1995-05-28;17;22;31;34;35;43;26
1995-05-21;8;9;26;38;41;43;29
1995-05-14;10;18;22;34;35;38;15
1995-05-07;2;7;17;25;38;40;5
1995-04-30;2;9;14;18;28;34;10
1995-04-23;5;13;18;29;34;35;37
1995-04-16;6;8;14;16;38;44;13
1995-04-09;3;8;14;23;30;34;31
1995-04-02;1;2;4;8;30;40;32
1995-03-26;5;6;8;21;32;36;44
1995-03-19;1;3;4;28;31;35;32
1995-03-12;4;11;30;34;40;43;20
1995-03-05;2;5;7;15;26;27
1995-02-26;7;15;19;25;36;42
1995-02-19;2;7;16;33;38;45
1995-02-12;12;13;17;19;39;43
1995-02-05;12;13;19;34;35;43
1995-01-29;1;4;11;29;37;39
1995-01-22;2;23;27;32;34;44
1995-01-15;1;23;32;37;38;39
1995-01-08;13;18;20;23;33;36
1995-01-01;15;17;26;31;37;42
1994-12-25;4;21;30;36;40;44
1994-12-18;9;16;18;26;35;36
1994-12-11;3;12;22;28;29;44
1994-12-04;6;11;20;32;34;42
1994-11-27;7;11;13;17;26;36
1994-11-20;10;17;29;31;40;44
1994-11-13;11;13;17;21;26;29
1994-11-06;8;11;21;32;42;45
1994-10-30;1;2;8;11;22;35
1994-10-23;13;14;15;20;33;34
1994-10-16;2;5;11;14;18;29
1994-10-09;3;7;18;21;35;45
1994-10-02;2;3;6;16;32;41
1994-09-25;9;10;14;20;24;28
1994-09-18;17;21;24;25;30;36
1994-09-11;11;12;22;25;33;39
1994-09-04;2;7;12;22;33;41
1994-08-28;2;7;8;11;14;27
1994-08-21;3;15;16;25;31;39
1994-08-14;5;6;12;24;25;31
1994-08-07;1;2;13;14;24;41
1994-07-31;8;27;31;37;39;44
1994-07-24;18;24;32;39;43;45
1994-07-17;11;14;23;33;36;43
1994-07-10;4;5;12;19;40;43
1994-07-03;3;9;13;19;31;44
1994-06-26;2;3;17;18;38;43
1994-06-19;12;20;22;30;32;45
1994-06-12;3;11;17;25;31;34
1994-06-05;2;9;18;19;39;40
1994-05-29;1;11;13;16;25;27
1994-05-22;27;29;30;34;36;43
1994-05-15;3;18;24;33;39;42
1994-05-08;9;10;14;32;43;45
1994-05-01;10;11;12;15;33;45
1994-04-24;1;10;20;33;38;39
1994-04-17;1;2;5;13;31;45
1994-04-10;12;20;23;39;43;45
1994-04-03;14;26;28;29;30;42
1994-03-27;6;20;31;32;35;39
1994-03-20;11;15;19;32;42;45
1994-03-13;12;19;27;31;35;41
1994-03-06;16;17;21;26;27;45
1994-02-27;24;27;30;32;36;44
1994-02-20;6;14;19;22;34;38
1994-02-13;11;15;22;28;30;44
1994-02-06;15;16;19;28;31;42
1994-01-30;6;13;25;29;32;36
1994-01-23;21;28;37;38;41;45
1994-01-16;4;5;14;19;28;43
1994-01-09;12;16;17;24;38;39
1994-01-02;9;10;12;31;35;39
1993-12-26;7;22;25;34;42;45
1993-12-19;10;17;21;28;31;39
1993-12-12;4;9;15;23;33;43
1993-12-05;7;13;16;23;26;31
1993-11-28;1;7;28;31;37;40
1993-11-21;1;20;39;40;41;44
1993-11-14;5;10;16;21;38;41
1993-11-07;8;12;13;21;28;36
1993-10-31;8;16;18;19;33;37
1993-10-24;14;15;22;26;29;36
1993-10-17;2;9;16;23;27;34
1993-10-10;10;13;18;25;32;37
1993-10-03;8;23;25;33;37;41
1993-09-26;13;33;34;37;44;45
1993-09-19;1;3;6;21;22;45
1993-09-12;3;4;20;24;29;39
1993-09-05;4;6;17;26;33;43
1993-08-29;1;9;16;34;35;42
1993-08-22;5;9;14;15;30;44
1993-08-15;7;8;16;19;37;41
1993-08-08;9;23;33;34;35;40
1993-08-01;10;14;19;26;29;33
1993-07-25;9;11;16;27;32;39
1993-07-18;16;18;21;22;37;42
1993-07-11;6;18;29;36;41;43
1993-07-04;1;2;5;13;20;41
1993-06-27;5;19;23;25;31;38
1993-06-20;5;12;13;15;30;44
1993-06-13;2;3;14;24;40;44
1993-06-06;15;30;35;38;39;40
1993-05-30;1;4;9;10;16;43
1993-05-23;2;18;21;28;32;41
1993-05-16;2;3;16;18;42;45
1993-05-09;1;15;16;17;43;45
1993-05-02;7;10;13;20;21;43
1993-04-25;13;17;22;24;33;35
1993-04-18;3;5;17;23;29;31
1993-04-11;1;10;16;20;30;36
1993-04-04;3;4;23;33;40;44
1993-03-28;1;8;14;17;37;38
1993-03-21;17;20;22;31;33;45
1993-03-14;1;4;30;39;40;43
1993-03-07;14;26;30;31;39;43
1993-02-28;8;9;15;24;33;41
1993-02-21;3;14;16;27;36;39
1993-02-14;10;13;18;21;24;40
1993-02-07;9;15;17;20;35;43
1993-01-31;1;3;19;21;22;43
1993-01-24;8;25;28;37;42;43
1993-01-17;5;7;11;30;31;40
1993-01-10;3;5;20;22;33;44
1993-01-03;1;6;7;20;25;36
1992-12-27;16;27;28;30;31;32
1992-12-20;5;17;30;33;34;42
1992-12-13;15;17;31;34;35;42
1992-12-06;2;8;9;18;29;37
1992-11-29;1;5;10;14;30;38
1992-11-22;9;10;23;25;40;42
1992-11-15;2;6;20;31;36;43
1992-11-08;2;3;4;19;23;25
1992-11-01;1;7;10;13;14;19
1992-10-25;7;13;16;19;20;43
1992-10-18;7;8;13;15;23;24
1992-10-11;11;12;18;20;34;39
1992-10-04;8;12;13;15;28;29
1992-09-27;5;10;14;19;22;42
1992-09-20;1;7;23;36;40;43
1992-09-13;8;19;21;22;33;36
1992-09-06;3;6;8;15;21;34
1992-08-30;13;20;27;32;35;36
1992-08-23;6;12;23;24;39;42
1992-08-16;9;14;20;25;32;44
1992-08-09;5;6;9;18;30;44
1992-08-02;11;21;26;27;31;43
1992-07-26;3;7;13;23;29;34
1992-07-19;2;9;16;36;38;40
1992-07-12;6;8;10;32;42;45
1992-07-05;1;25;32;38;40;42
1992-06-28;1;3;5;8;35;38
1992-06-21;1;19;28;33;38;41
1992-06-14;13;21;26;27;38;43
1992-06-07;2;13;17;21;28;38
1992-05-31;18;22;26;33;35;37
1992-05-24;6;14;18;27;38;44
1992-05-17;4;10;16;20;26;30
1992-05-10;14;19;21;22;24;38
1992-05-03;1;2;19;23;28;32
1992-04-26;14;16;17;36;42;44
1992-04-19;17;18;24;34;35;43
1992-04-12;10;20;24;25;32;42
1992-04-05;19;24;25;30;39;41
1992-03-29;18;24;25;29;35;44
1992-03-22;2;11;14;16;21;29
1992-03-15;10;15;21;28;42;45
1992-03-08;12;24;27;37;41;44
1992-03-01;11;12;13;17;31;36
1992-02-23;5;8;9;11;22;42
1992-02-16;8;11;14;20;33;39
1992-02-09;17;22;26;27;38;41
1992-02-02;5;6;11;17;28;38
1992-01-26;6;7;12;26;35;41
1992-01-19;6;8;24;26;32;40
1992-01-12;2;7;15;18;24;40
1992-01-05;5;10;20;36;40;41
1991-12-29;2;5;20;22;32;38
1991-12-22;4;5;9;24;43;45
1991-12-15;5;8;15;26;27;43
1991-12-08;3;16;19;28;39;44
1991-12-01;6;11;23;24;25;28
1991-11-24;10;15;20;21;30;31
1991-11-17;12;28;30;34;36;43
1991-11-10;2;16;26;27;34;41
1991-11-03;5;7;38;40;41;44
1991-10-27;12;26;27;30;31;43
1991-10-20;9;11;24;33;34;39
1991-10-13;6;8;11;13;32;41
1991-10-06;9;13;15;23;27;42
1991-09-29;1;6;10;14;28;37
1991-09-22;6;7;8;11;16;40
1991-09-15;4;5;23;35;36;40
1991-09-08;7;15;22;24;27;38
1991-09-01;4;18;27;35;37;42
1991-08-25;3;7;8;10;17;38
1991-08-18;1;17;22;24;35;39
1991-08-11;22;29;31;32;37;42
1991-08-04;4;5;24;40;41;44
1991-07-28;3;5;6;20;22;32
1991-07-21;5;6;7;8;15;20
1991-07-14;2;10;18;20;21;29
1991-07-07;13;22;38;39;40;41
1991-06-30;3;12;15;16;17;21
1991-06-23;5;19;20;23;29;43
1991-06-16;5;8;11;18;22;31
1991-06-09;12;15;20;33;38;45
1991-06-02;18;24;25;26;28;34
1991-05-26;5;25;28;29;35;40
1991-05-19;4;16;23;33;35;42
1991-05-12;3;14;17;20;21;44
1991-05-05;2;22;24;26;27;44
1991-04-28;3;7;9;15;21;40
1991-04-21;3;10;31;32;36;43
1991-04-14;1;2;15;25;30;39
1991-04-07;2;10;25;37;42;43
1991-03-31;12;13;16;28;36;45
1991-03-24;4;5;7;15;19;38
1991-03-17;2;12;21;29;43;45
1991-03-10;12;17;18;35;37;42
1991-03-03;3;4;18;28;37;38
1991-02-24;6;9;14;23;32;33
1991-02-17;7;14;17;33;42;43
1991-02-10;8;12;15;24;26;27
1991-02-03;1;2;26;31;33;40
1991-01-27;7;8;10;20;25;41
1991-01-20;5;12;14;15;21;42
1991-01-13;15;20;38;41;42;44
1991-01-06;10;13;21;23;26;38
1990-12-30;5;7;13;34;35;36
1990-12-23;24;33;34;37;38;44
1990-12-16;23;25;26;29;39;41
1990-12-09;2;7;18;22;23;42
1990-12-02;9;10;15;26;35;36
1990-11-25;7;12;14;21;26;31
1990-11-18;13;15;26;28;34;37
1990-11-11;20;23;31;34;36;39
1990-11-04;4;12;15;18;34;40
1990-10-28;9;20;21;36;43;44
1990-10-21;1;4;6;11;18;19
1990-10-14;2;5;10;12;23;29
1990-10-07;8;12;19;21;23;29
1990-09-30;2;8;13;16;21;45
1990-09-23;13;15;16;22;42;44
1990-09-16;5;7;8;17;27;35
1990-09-09;5;26;32;36;40;45
1990-09-02;11;14;25;35;38;40
1990-08-26;8;15;23;29;41;43
1990-08-19;5;15;17;25;32;38
1990-08-12;1;10;29;30;34;40
1990-08-05;3;6;11;18;32;38
1990-07-29;2;11;19;27;34;36
1990-07-22;3;9;19;24;29;45
1990-07-15;3;4;9;36;38;39
1990-07-08;2;9;18;37;38;43
1990-07-01;2;19;26;28;35;39
1990-06-24;4;21;27;33;34;40
1990-06-17;5;14;25;28;31;40
1990-06-10;12;14;30;36;42;43
1990-06-03;10;18;20;24;25;40
1990-05-27;2;9;11;21;40;42
1990-05-20;6;10;14;15;19;32
1990-05-13;3;14;17;21;22;45
1990-05-06;16;20;25;39;41;43
1990-04-29;9;11;12;16;24;40
1990-04-22;5;10;23;32;34;42
1990-04-15;5;6;13;18;38;45
1990-04-08;14;16;28;40;44;45
1990-04-01;4;8;16;30;38;43
1990-03-25;4;6;15;21;34;41
1990-03-18;3;5;22;23;24;31
1990-03-11;1;9;18;29;30;45
1990-03-04;9;15;17;21;34;45
1990-02-25;6;12;13;16;26;32
1990-02-18;7;11;13;14;20;23
1990-02-11;6;12;16;23;35;39
1990-02-04;1;4;11;13;14;18
1990-01-28;10;19;24;27;29;30
1990-01-21;5;14;15;17;25;36
1990-01-14;4;10;11;27;31;40
1990-01-07;10;17;31;32;36;37
1989-12-31;5;15;23;34;36;39
1989-12-24;4;5;20;21;28;39
1989-12-17;4;19;21;23;24;45
1989-12-10;5;17;24;33;36;37
1989-12-03;5;17;22;36;42;44
1989-11-26;2;10;12;28;31;36
1989-11-19;1;6;7;16;26;43
1989-11-12;2;11;25;26;42;44
1989-11-05;3;6;18;27;28;35
1989-10-29;1;17;20;33;42;45
1989-10-22;2;3;9;14;42;45
1989-10-15;1;7;8;24;37;40
1989-10-08;8;16;29;34;36;40
1989-10-01;14;15;31;32;33;34
1989-09-24;10;12;23;25;40;44
1989-09-17;7;16;28;30;40;45
1989-09-10;7;20;33;37;39;41
1989-09-03;10;14;15;20;36;42
1989-08-27;7;20;25;26;38;45
1989-08-20;8;11;31;33;39;43
1989-08-13;11;23;36;41;43;45
1989-08-06;2;16;19;34;36;44
1989-07-30;5;24;34;41;42;44
1989-07-23;5;11;14;20;23;29
1989-07-06;10;12;17;20;25;28
1989-07-09;2;17;23;39;40;43
1989-07-02;13;23;24;25;36;45
1989-06-25;7;8;9;23;27;32
1989-06-18;10;11;17;22;33;41
1989-06-11;1;2;3;6;14;19
1989-06-04;4;9;11;32;39;41
1989-05-28;1;6;23;35;40;42
1989-05-21;10;16;17;20;21;45
1989-05-14;3;13;16;18;32;45
1989-05-07;2;6;16;24;36;42
1989-04-30;2;16;17;32;34;40
1989-04-23;10;13;14;36;40;43
1989-04-16;9;11;18;35;40;44
1989-04-09;13;33;37;42;43;45
1989-04-02;2;6;14;17;23;40
1989-03-26;1;13;18;21;31;41
1989-03-19;1;4;8;33;39;40
1989-03-12;18;33;34;40;41;45
1989-03-05;13;15;21;24;29;44
1989-02-26;1;9;13;30;44;45
1989-02-19;3;4;20;29;40;41
1989-02-12;20;29;32;35;42;43
1989-02-05;5;9;10;33;34;35
1989-02-29;4;5;28;30;31;44
1989-01-22;8;14;25;30;35;41
1989-01-15;1;5;7;17;20;35
1989-01-08;2;13;18;25;32;36
1989-01-01;2;20;31;33;38;39
1988-12-25;6;25;26;34;42;44
1988-12-18;11;14;18;22;28;30
1988-12-11;7;24;31;34;35;36
1988-12-04;8;20;23;28;29;37
1988-11-27;13;17;21;32;34;44
1988-11-20;6;9;16;19;30;40
1988-11-13;3;19;21;23;32;40
1988-11-06;3;5;12;13;16;17
